(0.0, 0.0, 3.0), (0.7071067811865475, 0.7071067811865474, 2.7320508075688776), 
(6.123233995736765e-17, 0.9999999999999999, 2.7320508075688776), 
(-0.7071067811865474, 0.7071067811865475, 2.7320508075688776), 
(-0.9999999999999999, 1.224646799147353e-16, 2.7320508075688776), 
(-0.7071067811865476, -0.7071067811865474, 2.7320508075688776), 
(-1.8369701987210294e-16, -0.9999999999999999, 2.7320508075688776), 
(0.7071067811865472, -0.7071067811865476, 2.7320508075688776), 
(0.9999999999999999, -2.449293598294706e-16, 2.7320508075688776), 
(1.2247448713915892, 1.224744871391589, 2.0), 
(1.0605752387249068e-16, 1.7320508075688772, 2.0), 
(-1.224744871391589, 1.2247448713915892, 2.0), 
(-1.7320508075688772, 2.1211504774498136e-16, 2.0), 
(-1.2247448713915892, -1.224744871391589, 2.0), 
(-3.1817257161747205e-16, -1.7320508075688772, 2.0), 
(1.2247448713915887, -1.2247448713915892, 2.0), 
(1.7320508075688772, -4.242300954899627e-16, 2.0), 
(1.4142135623730951, 1.414213562373095, 1.0000000000000002), 
(1.2246467991473532e-16, 2.0, 1.0000000000000002), 
(-1.414213562373095, 1.4142135623730951, 1.0000000000000002), 
(-2.0, 2.4492935982947064e-16, 1.0000000000000002), 
(-1.4142135623730954, -1.414213562373095, 1.0000000000000002), 
(-3.6739403974420594e-16, -2.0, 1.0000000000000002), 
(1.4142135623730947, -1.4142135623730954, 1.0000000000000002), 
(2.0, -4.898587196589413e-16, 1.0000000000000002), 
(1.2247448713915892, 1.224744871391589, 4.440892098500626e-16), 
(1.0605752387249069e-16, 1.7320508075688774, 4.440892098500626e-16), 
(-1.224744871391589, 1.2247448713915892, 4.440892098500626e-16), 
(-1.7320508075688774, 2.1211504774498138e-16, 4.440892098500626e-16), 
(-1.2247448713915894, -1.224744871391589, 4.440892098500626e-16), 
(-3.1817257161747205e-16, -1.7320508075688774, 4.440892098500626e-16), 
(1.224744871391589, -1.2247448713915894, 4.440892098500626e-16), 
(1.7320508075688774, -4.2423009548996277e-16, 4.440892098500626e-16)