-0.000000000000000000e+00 -7.500000000000000000e-01 0.000000000000000000e+00
-1.767766952966368656e-01 -6.830127018922193988e-01 -1.767766952966368383e-01
-1.530808498934191127e-17 -6.830127018922193988e-01 -2.499999999999999722e-01
1.767766952966368383e-01 -6.830127018922193988e-01 -1.767766952966368656e-01
2.499999999999999722e-01 -6.830127018922193988e-01 -3.061616997868382368e-17
1.767766952966368931e-01 -6.830127018922193988e-01 1.767766952966368383e-01
4.592425496802573599e-17 -6.830127018922193988e-01 2.499999999999999722e-01
-1.767766952966368110e-01 -6.830127018922193988e-01 1.767766952966368931e-01
-2.499999999999999722e-01 -6.830127018922193988e-01 6.123233995736764537e-17
-3.061862178478973189e-01 -5.000000000000000000e-01 -3.061862178478972400e-01
-2.651438096812267329e-17 -5.000000000000000000e-01 -4.330127018922192975e-01
3.061862178478972400e-01 -5.000000000000000000e-01 -3.061862178478973189e-01
4.330127018922192975e-01 -5.000000000000000000e-01 -5.302876193624534127e-17
3.061862178478973189e-01 -5.000000000000000000e-01 3.061862178478972400e-01
7.954314290436800758e-17 -5.000000000000000000e-01 4.330127018922192975e-01
-3.061862178478972123e-01 -5.000000000000000000e-01 3.061862178478973189e-01
-4.330127018922192975e-01 -5.000000000000000000e-01 1.060575238724906825e-16
-3.535533905932737975e-01 -2.500000000000000278e-01 -3.535533905932737531e-01
-3.061616997868383032e-17 -2.500000000000000278e-01 -5.000000000000000000e-01
3.535533905932737531e-01 -2.500000000000000278e-01 -3.535533905932737975e-01
5.000000000000000000e-01 -2.500000000000000278e-01 -6.123233995736765998e-17
3.535533905932738419e-01 -2.500000000000000278e-01 3.535533905932737531e-01
9.184850993605147706e-17 -2.500000000000000278e-01 5.000000000000000000e-01
-3.535533905932737087e-01 -2.500000000000000278e-01 3.535533905932738419e-01
-5.000000000000000000e-01 -2.500000000000000278e-01 1.224646799147353036e-16
-3.061862178478973189e-01 -1.110223024625156540e-16 -3.061862178478972400e-01
-2.651438096812267329e-17 -1.110223024625156540e-16 -4.330127018922193075e-01
3.061862178478972400e-01 -1.110223024625156540e-16 -3.061862178478973189e-01
4.330127018922193075e-01 -1.110223024625156540e-16 -5.302876193624534635e-17
3.061862178478973189e-01 -1.110223024625156540e-16 3.061862178478972400e-01
7.954314290436800758e-17 -1.110223024625156540e-16 4.330127018922193075e-01
-3.061862178478972123e-01 -1.110223024625156540e-16 3.061862178478973189e-01
-4.330127018922193075e-01 -1.110223024625156540e-16 1.060575238724906875e-16
